ncpu        =         60
ndim        =          3
levelmin    =          6
levelmax    =         29
ngridmax    =     400000
nstep_coarse=       1370
 
boxlen      =  0.535934835282699E-01
time        =  0.458786151061919E-03
aexp        =  0.100000000000000E+01
H0          =  0.100000000000000E+01
omega_m     =  0.100000000000000E+01
omega_l     =  0.000000000000000E+00
omega_k     =  0.000000000000000E+00
omega_b     =  0.000000000000000E+00
unit_l      =  0.308000000000000E+19
unit_d      =  0.383460000000000E-23
unit_t      =  0.197732040946880E+16
mu_gas      =  0.231000000000000E+01
ngrp        =          1
 
ordering type=hilbert                                                                         
   DOMAIN   ind_min                 ind_max
       1   0.000000000000000E+00   0.104344579702004E+27
       2   0.104344579702004E+27   0.104389391455045E+27
       3   0.104389391455045E+27   0.104389785060901E+27
       4   0.104389785060901E+27   0.104390173135826E+27
       5   0.104390173135826E+27   0.104465321712417E+27
       6   0.104465321712417E+27   0.112633162982924E+27
       7   0.112633162982924E+27   0.246861707892011E+27
       8   0.246861707892011E+27   0.282343134674075E+27
       9   0.282343134674075E+27   0.282458691996482E+27
      10   0.282458691996482E+27   0.282466471661690E+27
      11   0.282466471661690E+27   0.282466477650527E+27
      12   0.282466477650527E+27   0.282576879132841E+27
      13   0.282576879132841E+27   0.333921485482764E+27
      14   0.333921485482764E+27   0.336503298592763E+27
      15   0.336503298592763E+27   0.336503531005526E+27
      16   0.336503531005526E+27   0.336503542427210E+27
      17   0.336503542427210E+27   0.336503883880571E+27
      18   0.336503883880571E+27   0.336508104798257E+27
      19   0.336508104798257E+27   0.336528872805665E+27
      20   0.336528872805665E+27   0.336820059272555E+27
      21   0.336820059272555E+27   0.415506859728251E+27
      22   0.415506859728251E+27   0.545822333710470E+27
      23   0.545822333710470E+27   0.557362930397632E+27
      24   0.557362930397632E+27   0.557563660480739E+27
      25   0.557563660480739E+27   0.557564218913301E+27
      26   0.557564218913301E+27   0.557564262389644E+27
      27   0.557564262389644E+27   0.557564265085611E+27
      28   0.557564265085611E+27   0.557569833114388E+27
      29   0.557569833114388E+27   0.557596482318507E+27
      30   0.557596482318507E+27   0.618974742009173E+27
      31   0.618974742009173E+27   0.680345712930087E+27
      32   0.680345712930087E+27   0.680375555289924E+27
      33   0.680375555289924E+27   0.680375775602077E+27
      34   0.680375775602077E+27   0.680376343748622E+27
      35   0.680376343748622E+27   0.680601836748179E+27
      36   0.680601836748179E+27   0.724991869549597E+27
      37   0.724991869549597E+27   0.865831727534701E+27
      38   0.865831727534701E+27   0.901313154316766E+27
      39   0.901313154316766E+27   0.901428711639172E+27
      40   0.901428711639172E+27   0.901436491304380E+27
      41   0.901436491304380E+27   0.901436497293218E+27
      42   0.901436497293218E+27   0.901546898775531E+27
      43   0.901546898775531E+27   0.952891505125455E+27
      44   0.952891505125455E+27   0.955473318235454E+27
      45   0.955473318235454E+27   0.955473550648216E+27
      46   0.955473550648216E+27   0.955473562069900E+27
      47   0.955473562069900E+27   0.955473903523261E+27
      48   0.955473903523261E+27   0.955478124440947E+27
      49   0.955478124440947E+27   0.955498892448355E+27
      50   0.955498892448355E+27   0.955790078915245E+27
      51   0.955790078915245E+27   0.103447687937094E+28
      52   0.103447687937094E+28   0.113195685375405E+28
      53   0.113195685375405E+28   0.113351148654559E+28
      54   0.113351148654559E+28   0.113354768611910E+28
      55   0.113354768611910E+28   0.113355021228159E+28
      56   0.113355021228159E+28   0.113355025411843E+28
      57   0.113355025411843E+28   0.113355028005851E+28
      58   0.113355028005851E+28   0.113355201049348E+28
      59   0.113355201049348E+28   0.113359566249756E+28
      60   0.113359566249756E+28   0.123794003928538E+28
 
ncell_racc  =  0.400000000000000E+01
eos         =          1
