ncpu        =         60
ndim        =          3
levelmin    =          6
levelmax    =         29
ngridmax    =     400000
nstep_coarse=        700
 
boxlen      =  0.535934835282699E-01
time        =  0.454663950260677E-03
aexp        =  0.100000000000000E+01
H0          =  0.100000000000000E+01
omega_m     =  0.100000000000000E+01
omega_l     =  0.000000000000000E+00
omega_k     =  0.000000000000000E+00
omega_b     =  0.000000000000000E+00
unit_l      =  0.308000000000000E+19
unit_d      =  0.383460000000000E-23
unit_t      =  0.197732040946880E+16
mu_gas      =  0.231000000000000E+01
ngrp        =          1
 
ordering type=hilbert                                                                         
   DOMAIN   ind_min                 ind_max
       1   0.000000000000000E+00   0.104389785051993E+27
       2   0.104389785051993E+27   0.104389785059488E+27
       3   0.104389785059488E+27   0.104389785117398E+27
       4   0.104389785117398E+27   0.104389828315468E+27
       5   0.104389828315468E+27   0.282466085961314E+27
       6   0.282466085961314E+27   0.282466477200427E+27
       7   0.282466477200427E+27   0.282466477217218E+27
       8   0.282466477217218E+27   0.282466477231587E+27
       9   0.282466477231587E+27   0.336363317889289E+27
      10   0.336363317889289E+27   0.336503520280485E+27
      11   0.336503520280485E+27   0.336503527376750E+27
      12   0.336503527376750E+27   0.336503532069712E+27
      13   0.336503532069712E+27   0.336503542009192E+27
      14   0.336503542009192E+27   0.336503542424674E+27
      15   0.336503542424674E+27   0.336503542426933E+27
      16   0.336503542426933E+27   0.336503542592127E+27
      17   0.336503542592127E+27   0.336503544304409E+27
      18   0.336503544304409E+27   0.336503544841076E+27
      19   0.336503544841076E+27   0.336508352388150E+27
      20   0.336508352388150E+27   0.557563894875085E+27
      21   0.557563894875085E+27   0.557564217227547E+27
      22   0.557564217227547E+27   0.557564224270262E+27
      23   0.557564224270262E+27   0.557564254641764E+27
      24   0.557564254641764E+27   0.557564261289288E+27
      25   0.557564261289288E+27   0.557564262670134E+27
      26   0.557564262670134E+27   0.557564263653009E+27
      27   0.557564263653009E+27   0.557564263724686E+27
      28   0.557564263724686E+27   0.557564263726945E+27
      29   0.557564263726945E+27   0.557564264169234E+27
      30   0.557564264169234E+27   0.618970019642690E+27
      31   0.618970019642690E+27   0.680375775541565E+27
      32   0.680375775541565E+27   0.680375775560269E+27
      33   0.680375775560269E+27   0.680375775581239E+27
      34   0.680375775581239E+27   0.680375849269145E+27
      35   0.680375849269145E+27   0.901436105604005E+27
      36   0.901436105604005E+27   0.901436496843117E+27
      37   0.901436496843117E+27   0.901436496859908E+27
      38   0.901436496859908E+27   0.901436496874277E+27
      39   0.901436496874277E+27   0.955333337531980E+27
      40   0.955333337531980E+27   0.955473539923175E+27
      41   0.955473539923175E+27   0.955473547019441E+27
      42   0.955473547019441E+27   0.955473551712402E+27
      43   0.955473551712402E+27   0.955473561651882E+27
      44   0.955473561651882E+27   0.955473562067364E+27
      45   0.955473562067364E+27   0.955473562069623E+27
      46   0.955473562069623E+27   0.955473562234817E+27
      47   0.955473562234817E+27   0.955473563947099E+27
      48   0.955473563947099E+27   0.955473564483767E+27
      49   0.955473564483767E+27   0.955478372030840E+27
      50   0.955478372030840E+27   0.113355010789152E+28
      51   0.113355010789152E+28   0.113355021248945E+28
      52   0.113355021248945E+28   0.113355024347436E+28
      53   0.113355024347436E+28   0.113355024855720E+28
      54   0.113355024855720E+28   0.113355024963722E+28
      55   0.113355024963722E+28   0.113355025375186E+28
      56   0.113355025375186E+28   0.113355025421070E+28
      57   0.113355025421070E+28   0.113355025422614E+28
      58   0.113355025422614E+28   0.113355025423421E+28
      59   0.113355025423421E+28   0.113355028075431E+28
      60   0.113355028075431E+28   0.123794003928538E+28
 
ir_cloud    =          4
eos         =          1
